1490323
1490324
1490325
1490342
1490347
1490349
1490392
1490400
1490402
1490408
1490409
1490509
1490510
1490967
1490978
1491061
1491063
1494127
1494141
1494150
1494166
1494168
1494169
1494429
1494434
1494435
1494436
1494476
1494477
1494497
1494501
1495399
1495400
1495484
1495500
1495502
1495504
1495508
1495538
1495545
1495548
1495624
1495637
1495867
1495868
1496016
1496018
1496244
1496245
1498956
1498958
1498960
1499042
1499050
1499052
1499056
1499062
1499085
1499086
1499157
1499177
1499183
1499185
1499632
1499633
1501571
1501576
1501582
1501867
1501870
1501877
1501884
1501897
1501898
1501904
1501920
1501921
1501995
1502006
1502970
1502978
1503682
1503695
1503787
1503788
1505661
1505665
1505692
1505794
1505822
1505823
1505833
1505880
1506034
1506100
1506349
1506365
1507724
1507744
1508009
1508010
1508086
1508161
1508968
1509003
1509024
1509515
1509537
1509563
1509579
1509631
1509646
1509837
1510029
1510039
1510044
1510099
1510119
1510134
1510144
1510149
1510179
1510246
1510405
1510639
1510701
1510747
1510768
1510803
1510831
1510861
1511044
1511191
1511515
1511546
1511577
1511959
1511979
1512049
1512163
1512300
1512306
1512362
1512389
1512521
1512712
1512723
1512747
1512767
1512790
1512812
1512827
1512871
1512914
1512915
1513668
1513696
1513700
1513701
1513702
1513730
1513736
1514475
1514514
1514630
1514646
1515033
1515061
1515064
1515141
1515142
1515144
1515159
1515196
1515197
1516349
1516360
1518760
1518763
1518765
1518766
1518767
1518768
1518943
1518945
1518948
1518950
1518954
1518955
1518958
1519036
1519624
1519625
1519626
1519627
1524531
1524540
1524556
1524785
1524822
1524866
1524934
1524936
1524964
1524965
1525437
1525441
1525596
1525628
1527216
1527217
1527252
1527380
1527399
1527425
1527437
1527451
1527481
1527490
1527525
1527607
1527608
1527612
1527658
1527666
1527693
1527756
1527806
1527830
1527886
1527972
1527986
1527991
1528342
1529580
1529585
1529802
1529803
1530136
1530259
1530931
1530938
1530952
1530955
1530956
1530978
1530979
1532529
1532530
1533795
1533796
1533805
1533806
1533904
1534116
1534125
1534156
1534158
1536129
1536144
1536145
1536531
1536535
1536536
1536539
1536545
1536550
1536555
1536642
1536660
1536674
1536699
1536702
1536724
1536729
1536730
1536731
1536732
1537017
1538372
1538386
1538416
1538579
1538588
1538604
1538616
1538622
1538643
1538651
1538719
1538900
1538901
1540023
1540052
1542710
1542715
1542730
1543155
1543158
1543184
1543205
1543217
1543355
1543356
1543441
1543442
1543448
1543453
1543454
1543455
1543461
1543660
1543667
1543690
1543691
1543944
1543952
1544793
1544805
1544939
1544961
1548233
1548234
1548235
1548238
1548243
1548244
1548245
1548569
1548570
1548597
1548598
1548599
1548639
1548640
1548644
1548645
1548844
1548848
1549080
1549081
1549083
1549124
1549125
1549126
1549127
1549128
1549274
1549275
1549287
1549288
1549440
1549441
1549450
1549451
1549494
1549495
1549496
1549538
1549543
1549544
1549635
1549636
1549640
1549842
1550378
1550403
1550487
1550506
1552025
1552047
1552062
1552067
1552086
1552089
1552101
1552104
1552173
1552187
1552238
1552376
1552389
1552408
1552446
1552457
1552458
1552492
1552516
1552622
1552820
1552895
1552896
1553066
1553082
1554017
1554020
1554038
1554041
1554044
1554047
1554048
1554049
1554050
1554173
1554181
1554579
1554582
1555689
1555690
1561262
1561307
1561321
1561323
1561326
1561327
1561334
1561335
1561414
1561419
1561892
1561894
1561895
1561900
1561907
1561935
1561937
1562085
1562997
1563008
1563194
1563235
1563374
1563436
1563997
1564002
1564003
1564313
1564340
1564342
1564375
1564377
1564391
1564392
1564417
1564418
1564610
1564612
1564879
1564880
1564886
1564896
1567754
1567755
1567758
1567762
1567768
1567774
1567971
1567972
1567976
1567977
1567990
1567991
1567996
1568072
1568075
1568083
1568088
1568101
1568110
1568121
1568126
1568602
1568603
1568618
1568676
1568915
1568930
1570271
1570298
1570299
1570302
1570307
1570308
1570328
1570352
1570356
1570361
1570403
1570404
1570439
1570448
1570724
1570725
1570789
1570791
1573097
1573112
1573115
1573379
1573387
1573413
1573414
1573415
1573417
1573427
1573463
1573468
1573538
1573541
1574296
1574302
1574364
1574376
1576195
1576220
1576248
1576441
1576457
1576475
1576669
1576672
1576699
1576700
1576705
1576715
1576722
1576723
1577695
1577703
1578039
1578051
1578667
1578668
1581418
1581476
1581488
1581492
1581505
1582976
1582993
1583257
1583258
1586035
1586038
1586069
1586743
1586748
1586775
1586777
1587518
1587523
1588434
1588435
1588437
1588573
1588574
1588593
1588596
1589261
1589264
1594326
1594364
1594403
1594662
1594670
1594769
1594968
1596823
1596970
1599487
1599489
1599506
1599526
1599534
1599577
1599580
1599591
1599592
1599647
1599920
1599949
1599979
1599989
1600695
1600698
1600862
1600863
1602802
1602810
1602820
1602901
1602902
1602903
1603024
1603039
1603272
1603273
1603290
1603297
1603319
1603320
1604474
1604475
1604511
1604517
1604642
1604645
1604684
1604909
1604912
1604963
1604975
1605832
1605835
1605940
1606007
1606013
1606019
1606020
1606052
1606058
1606789
1606803
1606804
1606886
1606904
1606939
1607091
1607092
1607140
1607148
1607265
1607275
1607277
1607285
1607295
1607298
1607303
1607331
1607353
1607591
1607596
1607776
1607780
1608391
1608395
1608730
1608733
1608808
1608865
1609008
1609047
1609087
1609264
1609307
1609309
1609310
1609325
1609327
1609360
1610019
1610066
1610284
1610285
1610536
1610555
1610571
1611109
1611114
1611119
1611120
1611130
1611155
1611156
1611291
1611293
1611336
1611345
1611442
1611457
1611705
1611708
1612405
1612410
1612658
1612669
1613065
1613066
1613077
1613463
1613465
1613565
1613566
1613684
1613694
1613835
1613843
1613902
1613907
1614149
1614155
1614348
1614352
1614543
1614545
1614563
1614619
1614627
1614930
1614932
1615627
1615630
1617026
1617047
1617082
1617110
1617118
1617129
1617130
1617175
1617179
1617181
1617185
1617191
1617201
1617205
1617208
1617219
1617220
1617221
1617230
1617233
1617240
1617287
1617371
1617385
1617764
1617775
1617776
1617929
1617935
1617938
1617941
1618275
1618276
1618287
1618289
1618434
1618435
1618451
1618468
1618498
1618582
1618603
1618688
1618740
1618751
1621851
1621945
1622055
1622632
1622638
1622693
1622702
1624134
1624155
1624885
1624893
1624917
1625533
1625534
1625554
1625559
1625995
1625998
1627163
1627176
1627179
1627464
1627465
1627521
1627524
1628128
1628129
1629402
1629403
1629440
1629653
1629658
1629783
1629784
1631014
1631056
1631135
1631136
1631153
1631273
1631296
1631360
1631367
1632439
1632448
1636986
1637166
1637177
1637192
1637262
1637434
1637452
1638802
1638821
1639591
1639592
1639602
1639603
1639605
1639629
1639630
1639835
1639837
1641221
1641222
1641223
1641224
1641231
1641232
1641262
1641358
1641363
1641396
1641679
1641728
1641731
1641886
1642514
1642517
1642613
1642704
1650757
1650759
1650762
1650764
1650766
1650770
1650776
1650777
1650782
1650787
1651048
1651143
1652247
1652386
1652425
1652500
1652594
1652695
1652718
1652734
1652981
1654554
1654561
1658891
1658900
1658901
1658904
1658915
1658997
1659202
1659207
1659249
1659255
1659274
1659275
1660039
1660041
1660128
1660134
1660347
1660399
1660400
1660408
1660415
1660437
1660454
1660551
1660560
1660771
1660774
1660848
1661514
1661517
1661584
1661639
1661740
1661983
1661999
1662560
1662724
1662810
1663044
1663174
1663197
1663203
1663448
1663518
1663601
1664126
1664641
1664655
1668656
1668657
1668658
1669553
1669607
1669634
1669870
1670429
1670430
1670462
1670586
1670587
1670636
1670643
1671120
1671137
1671532
1671535
1673694
1673712
1673713
1673771
1673784
1673785
1673791
1673806
1673811
1673813
1673868
1673872
1674235
1674238
1674246
1674383
1674423
1674799
1674800
1674829
1674834
1675243
1675245
1678497
1678666
1678677
1678749
1678759
1679090
1679096
1680725
1680726
1680728
1680729
1680743
1680966
1681000
1681340
1681342
1682765
1682784
1683113
1683127
1683190
1683514
1683516
1684867
1684869
1685182
1685187
1685237
1685415
1685417
1685538
1685539
1686170
1686178
1687963
1687977
1687983
1687985
1688021
1688034
1688412
1688427
1688428
1688442
1688443
1688463
1689129
1689132
1689174
1689176
1689420
1689434
1689442
1690357
1690370
1690377
1690397
1690990
1691227
1691233
1691236
1691273
1691448
1691452
1692743
1692754
1700475
1700484
1700485
1700650
1700657
1700664
1700676
1700684
1700685
1700686
1700689
1700722
1701730
1701731
1701743
1701748
1703793
1703823
1703907
1704298
1704361
1704442
1704560
1704883
1704902
1704931
1704934
1704938
1705069
1705073
1705137
1705142
1705160
1705165
1705725
1705751
1705852
1705962
1705987
1706172
1706265
1706344
1706447
1706495
1706732
1707101
1707167
1707171
1707747
1707763
1707800
1707853
1707904
1708020
1708151
1708259
1708387
1708531
1708532
1708574
1708583
1709585
1709590
1709601
1709627
1709628
1709789
1709795
1709848
1709859
1710674
1710685
1710694
1710710
1710737
1710741
1710955
1711025
1711075
1711683
1711688
1712448
1712449
1712452
1712454
1712468
1712469
1712480
1712681
1712683
1712689
1712690
1712713
1712769
1712792
1712793
1712806
1712807
1712822
1712998
1713009
1713064
1713069
1713153
1713233
1713264
1713267
1713632
1713633
1713654
1713694
1713739
1713816
1713847
1714085
1717856
1717857
1717861
1717863
1717881
1717886
1717887
1718362
1718379
1719716
1719719
1719722
1719766
1719771
1719887
1719889
1720242
1720243
1721841
1721853
1721855
1722167
1722168
1722169
1722171
1722874
1722876
1724542
1724548
1724652
1724655
1724662
1724705
1724723
1725832
1725840
1725841
1725850
1725862
1725925
1725951
1725954
1725959
1725973
1725986
1726353
1726360
1726623
1726627
1726685
1726735
1726930
1726936
1726952
1727029
1727417
1728212
1728258
1728506
1728586
1729193
1729248
1729254
1729262
1729273
1729301
1729335
1729413
1729421
1729633
1729637
1729650
1729656
1729686
1729720
1729787
1730143
1730442
1730480
1731166
1731198
1731421
1731477
1731570
1731602
1734326
1734334
1734351
1734525
1734527
1734530
1734531
1734539
1734546
1734547
1734657
1734666
1734720
1734742
1734747
1734783
1734784
1734978
1735511
1736367
1736368
1736399
1736400
1736446
1736875
1743602
1743610
1743636
1743641
1743645
1743933
1743939
1745105
1745110
1745597
1745600
1745621
1745803
1745853
1746235
1746244
1747124
1747174
1747178
1747186
1747290
1747291
1747299
1747308
1747314
1747315
1747318
1747323
1747324
1747354
1747355
1747432
1747446
1747746
1747749
1747750
1747753
1747767
1747812
1747956
1747957
1748017
1748019
1748026
1748118
1748134
1748141
1748144
1748160
1748428
1748529
1749046
1749051
1749068
1749088
1755178
1755320
1755341
1755394
1755421
1755435
1755464
1755478
1755524
1755570
1755666
1755673
1755746
1755749
1756057
1756177
1756208
1756210
1756217
1756224
1756343
1756603
1756618
1756634
1756637
1756638
1756663
1756737
1756754
1756861
1756873
1756889
1756904
1756915
1757101
1757649
1757650
1757676
1757761
1757985
1757992
1761390
1761395
1761397
1761437
1761454
1761473
1761479
1761480
1761483
1761940
1761941
1762016
1762023
1763678
1763683
1763736
1769460
1769496
1770092
1770097
1771005
1771008
1777330
1777335
1777347
1777566
1777568
1777636
1777643
1778860
1778868
1782971
1782972
1782983
1782986
1782989
1783071
1783073
1783252
1783255
1783311
1783313
1783375
1783799
1783806
1784286
1784297
1784504
1784518
1790213
1790214
1790215
1790216
1790217
1790218
1790221
1790622
1790624
1793355
1793361
1793362
1793492
1793496
1793510
1793519
1794098
1794100
1794105
1794183
1794193
1794285
1794307
1794754
1794755
1795097
1795098
1795107
1795128
1795135
1795162
1795225
1795227
1795245
1795253
1795302
1795459
1795518
1795523
1795731
1795739
1795740
1795881
1796405
1796407
1796412
1796434
1796442
1796443
1796444
1796473
1796492
1796493
1796494
1796498
1797011
1797037
1797089
1797263
1797269
1797296
1797515
1797528
1797556
1797704
1797710
1798375
1798381
1798387
1798413
1798431
1799069
1799072
1799180
1799183
1800378
1800383
1801643
1801664
1801721
1801832
1801894
1801916
1802000
1802190
1802226
1802246
1802649
1802666
1802741
1803151
1803174
1803192
1803216
1803217
1803222
1803235
1803371
1804466
1804483
1804706
1804709
1807870
1807878
1807881
1808353
1808354
1808423
1808429
1809187
1809189
1809836
1809839
1809840
1809846
1809864
1809875
1809876
1809897
1809927
1809933
1809940
1809946
1810776
1810781
1810791
1810886
1814087
1814101
1814207
1814230
1814240
1814427
1814428
1814916
1814923
1815782
1815807
1815809
1816757
1816801
1817783
1817805
1818720
1818721
1818727
1818742
1818743
1818744
1818745
1819071
1819076
1821015
1821016
1821092
1821094
1821111
1821312
1821319
1821324
1821329
1821337
1821526
1821527
1821542
1821595
1821596
1821747
1821748
1821764
1821765
1822410
1822411
1822433
1822493
1822522
1822554
1822666
1822696
1822722
1822926
1822929
1822943
1822949
1822959
1822960
1822979
1823097
1823140
1823188
1823190
1823814
1823860
1823959
1823979
1824354
1824401
1824439
1824448
1824530
1824817
1824824
1824861
1824943
1824951
1825102
1825137
1825200
1825209
1825210
1825267
1825416
1825838
1825839
1825926
1825945
1826070
1826099
1826676
1826728
1827344
1827347
1827393
1827425
1827496
1827503
1827509
1827699
1827710
1828105
1828128
1828150
1828334
1828356
1829106
1829126
1829620
1829662
1835121
1835123
1835126
1835128
1835137
1835138
1835370
1835386
1835463
1835464
1835532
1835652
1836143
1836149
1836276
1836278